  4  1  0
2013041506 16     1  5363   493289  1 011012
     5.73623276     5.87295151     5.87295151     5.82607651     5.70498276     5.92763901     5.63857651     5.65810776     5.58779526     5.51748276     5.70888901     5.78701401     5.83388901     5.92373276     6.52920151     6.62295151     6.75576401     7.02138901     6.96279526     6.96670151
     7.13857651     7.11123276     6.37685776     6.10732651     6.23232651     6.36123276     6.47060776     6.26357651     6.30654526     6.33388901     6.18935776     6.11123276     6.16201401     6.31826401     6.35342026     6.46670151     6.59560776     6.67763901     6.69326401     6.64638901
     6.64248276     6.56826401     6.00576401     6.21279526     6.15420151     6.00185776     5.89638901     5.87295151     5.92763901     5.86123276     5.24404526     5.24795151     5.22060776     5.40420151     5.55654526     5.63857651     5.83388901     5.71670151     5.39248276     5.40029526
     5.07217026     5.21670151     5.12295151     5.04092026     5.10732651     4.99795151     4.70107651     5.02920151     4.94717026     4.92763901     5.24404526     5.13076401     4.95107651     4.59170151     5.11123276     5.30263901     5.42373276     5.38857651     5.15810776     5.11123276
     5.38857651     5.36123276     5.61904526     5.49404526     5.52920151     5.57998276     5.71670151     5.59170151     5.75576401     5.80654526     5.52138901     5.59951401     5.59170151     5.81826401     5.79482651     5.87295151     5.89638901     6.25576401     6.38076401     6.54482651
     6.42763901     6.33388901     6.45498276     6.57607651     6.47060776     6.55263901     6.82998276     6.91592026     6.87295151     7.05654526     6.94717026     6.83779526     6.76357651     6.99795151     6.77138901     6.77138901     7.00576401     6.92373276     6.70498276     6.68935776
     6.55263901     7.02920151     7.08779526     7.23623276     7.18935776     7.17373276     7.03701401     7.12295151     6.95498276     6.99795151     6.89248276     7.14638901     6.96279526     7.09560776     7.08388901     7.17763901     7.03310776     7.28701401     7.12685776     7.32998276
     7.62685776     7.15029526     7.36513901     7.18935776     7.27920151     7.45888901     7.75185776     7.69717026     7.86123276     7.90810776     8.20107651     8.21670151     8.47451401     8.87295151     9.68154526     9.50185776     9.83779526     9.97842026    10.14638901     9.86123276
     9.74404526     9.62685776     9.10342026     8.99013901     8.90810776     9.16592026     9.11904526     9.25185776     9.18154526     9.67373276     9.90029526    10.44326401    10.73232651    11.25576401    11.82217026    11.92373276    12.34951401    12.29092026    12.45107651    12.32217026
    12.28701401    12.23623276    12.24013901    12.21279526    12.14638901    12.15420151    11.81045151    11.77138901    11.81435776    11.51357651    12.07607651    12.00576401    11.92373276    12.03310776    11.84170151    11.72842026    11.49404526    11.45498276    10.89638901    10.60342026
    10.49795151    10.35342026    10.22060776    10.25967026    10.19717026     9.94717026     9.74013901     9.35732651     9.35732651     9.26357651     9.06826401     8.90029526     8.66592026     8.67763901     8.26748276     7.95888901     8.04873276     8.07217026     7.96670151     8.04482651
     7.76748276     7.84170151     8.18154526     8.13076401     7.87685776     8.04482651     8.31045151     8.16201401     8.17763901     8.22842026     8.31435776     8.36513901     8.42763901     8.42373276     8.20888901     8.22842026     8.29482651     8.18545151     8.23232651     8.02920151
     8.36123276     8.31045151     8.29482651     8.41592026     8.09951401     7.95888901     7.72451401     7.88467026     7.91592026     7.77920151     7.45888901     7.61904526     7.40029526     7.10342026     7.01357651     6.68545151     6.48623276     6.73623276     6.80263901     6.76748276
     6.90029526     6.85732651     6.94717026     6.90029526     6.59951401     6.27529526     6.67373276     6.73623276     6.88857651     6.74404526     6.77920151     6.74013901     6.64248276     6.51748276     6.48623276     6.41982651     6.57607651     6.61123276     6.57607651     6.58779526
     6.59560776     6.50576401     6.28310776     6.16592026     5.91201401     5.90029526     6.11123276     5.93154526     6.10342026
2013041506 16     1  5321   315289  1 011012
     7.74013901     7.47451401     7.19326401     6.96670151     6.91201401     6.62685776     6.79092026     6.56826401     6.50576401     6.71670151     6.74013901     6.80654526     6.68545151     6.71670151     6.75967026     6.70107651     6.90810776     6.75576401     6.97451401     6.91592026
     6.84951401     6.97842026     6.88857651     6.62295151     6.52138901     6.59560776     6.92763901     6.78701401     6.96670151     6.94717026     6.78310776     6.60732651     6.52529526     6.42763901     6.26357651     6.31826401     6.37685776     6.46279526     6.81826401     6.77529526
     6.68545151     6.83388901     6.87685776     6.90029526     6.76357651     6.76748276     7.01357651     7.16201401     6.90810776     7.17373276     6.94717026     7.13076401     7.20107651     7.28310776     6.90810776     7.11904526     6.94326401     6.77138901     7.27529526     7.49404526
     7.27138901     7.50576401     7.40810776     7.32217026     7.49013901     7.25576401     7.40420151     7.61123276     7.61123276     7.57998276     7.56826401     7.84951401     7.83779526     7.86904526     8.12685776     8.11513901     8.08388901     8.13857651     8.13467026     8.07607651
     7.89248276     7.97842026     7.84170151     7.95498276     7.83779526     7.79873276     7.93545151     8.12685776     8.23232651     8.22451401     8.56435776     8.66201401     8.82607651     8.61904526     8.77138901     8.57998276     8.75576401     8.98232651     8.16982651     8.11513901
     8.25185776     7.91592026     8.00967026     7.97842026     7.91592026     7.71670151     7.66982651     7.61123276     7.56435776     7.81045151     7.40810776     7.45888901     7.44717026     7.46670151     7.40029526     7.31826401     7.19717026     7.40029526     7.18545151     7.13076401
     7.15029526     7.40810776     7.30654526     7.29482651     7.56435776     7.41201401     7.55263901     7.37295151     7.52138901     7.55263901     7.63467026     7.77138901     7.78310776     7.72451401     8.15029526     8.44717026     8.53310776     8.79092026     9.10342026     9.22451401
     9.15420151     9.25185776    10.10342026    10.19326401    10.52138901    10.69717026    10.56826401    10.36513901    10.46279526    10.45498276    10.01748276     9.91592026    10.20498276    10.27138901     9.88857651    10.02529526    10.36513901    10.70498276    11.17763901    11.38467026
    11.47842026    11.70498276    12.09170151    12.24404526    12.63857651    12.49795151    12.50967026    12.66982651    12.41982651    12.24013901    12.55654526    12.52920151    12.52920151    12.54092026    12.04092026    12.14248276    11.79482651    11.60732651    11.38857651    11.20498276
    11.27920151    10.97451401    11.12295151    11.09560776    10.99404526    11.09170151    11.20498276    11.16592026    10.88857651    10.98623276    10.70107651    10.58388901    10.79092026    10.65810776    10.24404526    10.10342026     9.93935776     9.83779526     9.65029526     9.47451401
     9.41982651     9.55263901     9.50576401     9.46670151     9.26357651     9.27529526     9.57607651     9.31045151     9.22451401     9.30654526     9.10342026     9.01748276     8.74404526     8.47060776     8.14248276     8.00185776     8.24404526     7.69717026     8.03701401     8.04092026
     8.01748276     8.07217026     7.69717026     7.75967026     7.90810776     8.17763901     7.59170151     7.74013901     8.00185776     7.94326401     7.91201401     8.06045151     7.97842026     7.93935776     7.88076401     7.86123276     8.01748276     7.77529526     7.67373276     7.87295151
     7.66982651     7.47842026     7.27920151     7.27138901     7.36513901     7.35342026     7.14638901     6.68545151     6.72060776     6.61904526     6.59170151     6.56826401     6.52138901     6.48623276     6.84170151     6.74013901     6.56826401     6.29092026     6.13076401     6.07998276
     6.28310776     6.35342026     6.30654526     6.27138901     6.37685776     6.25576401     6.39638901     6.54092026     6.50576401     6.75576401     6.63467026     6.54482651     6.46670151     6.27138901     6.07607651     6.00185776     6.01357651     5.89248276     5.63076401     5.34951401
     5.27920151     5.62295151     6.07998276     6.18935776     6.20498276     6.05654526     6.04873276     6.19326401     6.31826401
2013041506 16     1  5213   400289  1 011012
     4.97060776     5.19717026     5.30263901     5.52920151     5.55654526     5.54092026     5.79092026     5.39638901     5.51748276     5.43545151     5.23623276     5.30654526     5.12295151     4.91592026     4.85732651     4.91592026     4.85342026     5.07998276     5.52920151     5.89248276
     5.91201401     6.24404526     6.23623276     6.18154526     6.08388901     6.22451401     6.61123276     6.52920151     6.45498276     6.36513901     6.16982651     6.23232651     6.09951401     5.94717026     5.59951401     5.62295151     5.75185776     5.84951401     5.91592026     5.63467026
     5.72451401     5.70107651     5.99795151     5.87295151     5.90420151     5.94326401     5.88467026     5.77920151     5.73232651     5.68545151     5.62685776     5.53701401     5.24795151     5.41982651     5.25576401     5.12685776     5.12685776     4.93545151     4.94326401     4.75967026
     4.78310776     4.76357651     4.75967026     4.65810776     4.75576401     4.65810776     4.55654526     4.61904526     4.57998276     4.80654526     4.97842026     4.90810776     5.03701401     4.90420151     4.72451401     4.73623276     4.93545151     4.80263901     4.52138901     4.29482651
     4.05654526     4.07607651     4.39248276     4.55263901     4.34560776     4.29482651     4.53701401     4.51748276     4.66982651     4.95107651     4.88857651     4.82998276     4.67373276     4.61904526     4.49013901     4.47451401     4.70498276     4.58388901     4.39248276     4.21670151
     4.16982651     4.30654526     4.45107651     4.37685776     4.56045151     4.49404526     4.27529526     4.20107651     4.43154526     4.47842026     4.66201401     4.57998276     4.65029526     4.68545151     4.58779526     4.61904526     4.42763901     4.41592026     5.09951401     5.11123276
     5.02529526     5.03310776     5.24013901     5.29092026     5.26357651     5.38857651     5.55654526     5.62685776     5.77529526     5.84170151     6.18545151     6.06045151     6.18935776     6.60342026     6.46670151     6.55654526     6.50185776     6.69717026     6.55654526     6.25185776
     6.53701401     6.76748276     7.10732651     7.31045151     7.59560776     7.56045151     7.88857651     7.78701401     7.60342026     7.45107651     7.27920151     7.18935776     7.27138901     7.37685776     7.45498276     7.49404526     7.61904526     7.81045151     8.27529526     8.22842026
     8.31045151     8.71279526     9.18935776     9.43935776     9.60342026     9.21670151     9.54482651     9.89638901     9.96279526     9.74013901     9.86123276     9.88857651     9.90029526     9.87685776     9.97451401    10.34951401    10.58388901    10.47060776    10.64638901    10.72842026
    10.88467026    11.00967026    10.87685776    10.69326401    10.72060776    10.80654526    10.83779526    10.99013901    11.27138901    11.05654526    11.07607651    11.48232651    11.74013901    12.01357651    12.70498276    12.81826401    12.64248276    12.65029526    12.27529526    12.06826401
    12.30263901    12.18935776    12.09951401    12.04092026    11.79482651    11.40810776    11.53701401    11.19326401    11.43545151    11.39248276    11.13076401    11.12295151    10.88857651    10.65810776    10.53310776    10.52920151    10.29092026    10.25967026    10.10732651    10.20107651
    10.15810776    10.01748276    10.13076401     9.91592026    10.02529526     9.99404526     9.49404526     9.09560776     8.74404526     8.51357651     8.28701401     8.16592026     8.20498276     7.88467026     7.92373276     8.16201401     8.09170151     8.15810776     8.18545151     8.27138901
     8.30263901     8.29873276     8.43154526     8.60732651     8.54482651     8.70107651     8.32607651     8.09951401     8.34170151     8.15420151     7.97451401     7.71670151     7.65810776     7.73623276     7.55263901     7.42763901     7.16592026     7.24404526     7.23623276     7.34560776
     7.21279526     7.17373276     6.63857651     6.54092026     6.02138901     5.88857651     5.68545151     5.32217026     4.90029526     4.93154526     4.82998276     4.89638901     4.93935776     4.98232651     5.27529526     5.31435776     5.40420151     5.58388901     4.85732651     4.91201401
     4.91982651     5.03701401     4.64638901     4.77138901     4.75185776     4.67373276     4.54482651     4.39248276     4.40029526
2013041506 16     1  5354   647289  1 011012
     3.86123252     3.78701377     3.72451377     3.79092002     3.98623252     4.08388901     3.94717002     3.81435752     3.99013877     4.29482651     4.67763901     4.96279526     4.83388901     4.95888901     4.27920151     4.30654526     4.24013901     4.19326401     3.81826377     3.76357627
     4.02529526     4.02920151     4.51357651     4.49404526     4.61904526     4.59170151     4.00967026     3.88467002     3.58779502     3.50967002     3.46279502     3.51748252     3.75576377     3.64248252     4.05654526     4.12685776     4.22451401     4.48623276     4.36904526     4.24013901
     4.20107651     4.07998276     3.84560752     3.79873252     3.89248252     3.87685752     4.07217026     3.88857627     3.78310752     3.54482627     2.99404502     2.90029502     2.94717002     2.91592002     2.55654502     2.71670127     2.82217002     2.71670127     2.84560752     2.80263877
     2.81045127     2.61904502     2.90029502     2.75576377     2.66982627     2.65810752     2.72451377     2.60342002     2.50185752     2.38857627     1.99013877     2.02529502     1.86123252     1.72451377     1.72842002     1.68154502     1.66592002     1.56826377     1.31435752     1.14248252
     1.13857627     1.14248252     0.93545127     0.83779502     0.75576377     0.88857627     0.88857627     0.83779502     0.90810752     0.89248252     1.08779502     0.96279502     1.02138877     1.19326377     1.48232627     1.47060752     2.00576377     2.11123252     2.91592002     3.02920127
     3.08388877     3.02529502     3.46279502     3.44717002     3.57217002     3.74404502     3.96670127     4.14248276     4.40810776     4.32998276     4.50576401     4.53310776     4.48623276     4.64638901     5.02138901     4.93545151     4.59951401     4.51748276     4.55654526     4.74013901
     4.84951401     4.93154526     4.77529526     4.70107651     4.82217026     4.85732651     5.05263901     4.97060776     5.01748276     5.18154526     5.22842026     5.29482651     5.14638901     5.26357651     5.04092026     5.10732651     5.07217026     5.02138901     5.02920151     5.29873276
     5.14248276     5.35342026     5.54873276     5.38857651     5.56826401     5.48623276     5.39248276     5.31045151     5.47060776     5.52138901     5.73232651     5.75967026     6.02529526     5.97060776     6.37685776     6.57998276     6.53701401     6.86123276     7.43545151     7.35342026
     7.41201401     7.28310776     8.19717026     8.21279526     8.33779526     8.41201401     8.35342026     8.20888901     8.06826401     8.00967026     8.14638901     8.12685776     8.13076401     8.52138901     8.71279526     8.89248276     8.97451401     9.18545151     9.32217026     9.01748276
     9.29482651     9.40029526     9.05263901     8.96279526     8.90420151     9.09951401     9.08388901     9.01748276     9.22060776     9.32607651     9.47842026     9.57217026     9.74404526     9.66201401     9.01748276     8.77920151     8.77920151     8.62295151     8.79482651     8.70888901
     8.80654526     8.99795151     8.37295151     8.56435776     8.28310776     8.15420151     8.48623276     8.56045151     8.57217026     8.63857651     8.75576401     8.86904526     8.57998276     8.50967026     8.39638901     8.37295151     7.91982651     8.04873276     7.46670151     7.51357651
     7.60732651     7.32998276     7.06045151     6.91982651     6.89638901     6.94717026     6.56045151     6.59560776     6.42763901     6.52138901     6.56435776     6.59560776     6.67373276     7.04482651     6.86904526     6.65420151     6.66201401     6.86123276     6.66982651     7.04092026
     7.37685776     7.04873276     6.88857651     6.68545151     6.55654526     6.65029526     6.41201401     6.47451401     6.56435776     6.67373276     6.63467026     6.56435776     6.50185776     6.34170151     6.11123276     5.97451401     6.03310776     5.86123276     5.60732651     5.72060776
     5.58388901     5.43935776     5.50576401     5.46670151     5.43154526     5.72060776     5.75576401     5.52920151     5.17373276     5.12685776     5.30263901     5.24013901     5.70888901     5.73232651     5.78701401     5.77920151     5.45107651     5.05654526     5.07607651     5.23232651
     5.29092026     5.54482651     5.47842026     5.47842026     5.32607651     5.38467026     5.09170151     5.11123276     5.15810776
