  9  9  0
2013040806 14     1  6133   100 49  1 054022
     1.47945666     1.45321774     1.42516506     1.39467645     1.36399460     1.33293009     1.30159795     1.27023506     1.23911178     1.20846820     1.17848420     1.14927912     1.12092435     1.09345722     1.06689465     1.04124022     1.01649082     0.99263835     0.96967202     0.94757891
     0.92634416     0.90594983     0.88637501     0.86759377     0.84957576     0.83228612     0.81568491     0.79972756     0.78436714     0.76955765     0.75526381     0.74148077     0.72826213     0.71572548     0.70404971     0.69351858     0.68468893     0.67841977     0.67701578     0.68621713
     0.70898074     0.75019944     0.79651338     0.82073671     0.84874445     0.88512766     0.91363412     0.94317472     0.97203600
2013040806 14     1  6133   100 49  1 054023
     0.01108325     0.01005718     0.00909207     0.00819442     0.00736516     0.00660219     0.00590283     0.00526453     0.00468463     0.00416014     0.00368767     0.00326360     0.00288422     0.00254582     0.00224482     0.00197777     0.00174140     0.00153261     0.00134853     0.00118648
     0.00104398     0.00091878     0.00080881     0.00071223     0.00062739     0.00055283     0.00048726     0.00042956     0.00037875     0.00033399     0.00029452     0.00025972     0.00022903     0.00020196     0.00017812     0.00015717     0.00013891     0.00012327     0.00011044     0.00010086
     0.00009522     0.00009429     0.00009863     0.00010841     0.00012312     0.00014145     0.00016167     0.00018176     0.00019971
2013040806 14     1  6133   100 49  1 054024
   347.70571899   348.19290161   348.70126343   349.12673950   349.54644775   349.95623779   350.35327148   350.73504639   351.10000610   351.44763184   351.77862549   352.09475708   352.39840698   352.69198608   352.97787476   353.25802612   353.53411865   353.80761719   354.07974243   354.35156250
   354.62399292   354.89791870   355.17407227   355.45318604   355.73574829   356.02221680   356.31289673   356.60791016   356.90731812   357.21112061   357.51940918   357.83227539   358.14916992   358.47152710   358.80807495   359.17742920   359.60391235     0.10668755     0.63173783     0.84167051
     0.04898611   355.92779541   341.73696899   321.67425537   266.22348022   221.44721985   207.37672424   201.08605957   198.33570862
2013040806 14     1  6133   100 49  1 054026
   343.22134399   343.49227905   343.76498413   344.03533936   344.29953003   344.55331421   344.79287720   345.01513672   345.21856689   345.40356445   345.57214355   345.72717285   345.87173462   346.00872803   346.14074707   346.26986694   346.39764404   346.52526855   346.65328979   346.78198242
   346.91125488   347.04067993   347.16979980   347.29788208   347.42422485   347.54812622   347.66891479   347.78582764   347.89834595   348.00576782   348.10757446   348.20318604   348.29205322   348.37356567   348.44692993   348.51187134   348.56918335   348.62289429   348.68392944   348.77713013
   348.95794678   349.37124634   350.61578369     4.80517435   163.30574036   165.68351746   166.38691711   166.75630188   167.01579285
2013040806 14     1  6133   100 49  1 054028
     7.47512960     7.42195559     7.37800312     7.34784317     7.31585979     7.28377819     7.25161791     7.21907473     7.18581724     7.15164614     7.11651278     7.08047390     7.04365253     7.00621367     6.96833515     6.93018103     6.89190340     6.85364294     6.81551981     6.77762699
     6.74004316     6.70282221     6.66599178     6.62956429     6.59353924     6.55791664     6.52268982     6.48786306     6.45343637     6.41939068     6.38565826     6.35198879     6.31780529     6.28235245     6.24488306     6.20433187     6.15763855     6.09978676     6.01193714     5.84477949
     5.60050058     5.29057407     5.08099413     5.05886555     5.03053665     4.98673820     4.98137712     4.97213602     4.96917343
2013040806 14     1  6133   100 49  1 054046
     1.46792614     1.44003201     1.41877294     1.38931453     1.35917544     1.32847118     1.29740751     1.26625645     1.23530281     1.20479321     1.17491400     1.14578903     1.11749256     1.09006572     1.06352854     1.03788757     1.01314139     0.98928356     0.96630460     0.94419265
     0.92293292     0.90250820     0.88289666     0.86407262     0.84600496     0.82865912     0.81199580     0.79597074     0.78053761     0.76565129     0.75127709     0.73740602     0.72408760     0.71143377     0.69961715     0.68880022     0.67943972     0.67196524     0.66524816     0.66327006
     0.66335517     0.65956730     0.66722375     0.67950284     0.68581522     0.69808036     0.71315956     0.72284842     0.73682541
2013040806 14     1  6133   100 49  1 054047
   346.36212158   346.71862793   347.37106323   347.79364014   348.22763062   348.66287231   349.09252930   349.51141357   349.91586304   350.30395508   350.67559814   351.03213501   351.37567139   351.70864868   352.03341675   352.35211182   352.66668701   352.97882080   353.28994751   353.60137939
   353.91421509   354.22927856   354.54727173   354.86862183   355.19360352   355.52227783   355.85446167   356.18991089   356.52825928   356.86911011   357.21231079   357.55780029   357.90603638   358.25897217   358.62408447   359.01998901   359.46798706     0.00945298     0.75255018     1.59687078
     2.74513483     5.20987654     7.82185030    11.66429615    20.12372971    32.64789200    54.99993134    84.31565094   113.02566528
2013040806 14     1  6133   100 49  1 054048
     7.55546522     7.51459551     7.42707634     7.38963223     7.35401583     7.31968260     7.28595829     7.25227070     7.21819162     7.18346405     7.14799738     7.11180496     7.07501936     7.03776360     7.00018740     6.96244383     6.92466736     6.88699436     6.84952784     6.81235790
     6.77555847     6.73918343     6.70326948     6.66782284     6.63286686     6.59838867     6.56438398     6.53085232     6.49779129     6.46517134     6.43292189     6.40083313     6.36838102     6.33484936     6.29954624     6.26270723     6.22254753     6.17891979     6.14768410     6.09694481
     6.05586100     6.07452965     6.03508711     6.00008535     6.02887726     6.03656483     6.04380846     6.08672523     6.09888077
2013040806 14     1  6133   100 49  1 054049
     1.17399132     1.14245427     1.11060488     1.07874072     1.04703009     1.01551151     0.98420781     0.95317531     0.92249805     0.89226615     0.86255640     0.83342624     0.80491608     0.77705568     0.74986857     0.72337693     0.69760340     0.67257291     0.64831150     0.62484473
     0.60219526     0.58038032     0.55940813     0.53927666     0.51997292     0.50147337     0.48374516     0.46674684     0.45043129     0.43474758     0.41964534     0.40507713     0.39100227     0.37739205     0.36423743     0.35155857     0.33942345     0.32797763     0.31748077     0.30833170
     0.30107206     0.29635540     0.29473534     0.29675630     0.30251700     0.31137466     0.32247728     0.33480260     0.34710005
2013040806 14     1  5767     0 49  1 054022
     1.24283934     1.23720372     1.23067355     1.22295702     1.21396673     1.20360291     1.19186890     1.17884779     1.16472888     1.14975142     1.13413167     1.11857033     1.10462558     1.09375882     1.08980167     1.09957623     1.11130786     1.11490822     1.11721182     1.12144864
     1.14155519     1.18231785     1.22249877     1.27962112     1.34835112     1.39330339     1.42179239     1.44480431     1.46952975     1.52786589     1.61474407     1.68057501     1.73518217     1.78337181     1.82722557     1.86495638     1.89343607     1.91367424     1.90623069     1.87849605
     1.85801888     1.83890879     1.81965959     1.80090487     1.76556933     1.71986544     1.68472886     1.65694857     1.63170683
2013040806 14     1  5767     0 49  1 054023
     0.01020121     0.01054556     0.01074016     0.01078239     0.01067911     0.01044469     0.01009867     0.00966329     0.00916130     0.00861418     0.00804093     0.00745745     0.00687644     0.00630773     0.00575874     0.00523460     0.00473904     0.00427514     0.00384441     0.00344695
     0.00308226     0.00274773     0.00244223     0.00216464     0.00191097     0.00168326     0.00148197     0.00130478     0.00114910     0.00101482     0.00090127     0.00081630     0.00076704     0.00075699     0.00078540     0.00084767     0.00093601     0.00103949     0.00114449     0.00123552
     0.00129594     0.00131771     0.00130198     0.00125427     0.00118140     0.00109166     0.00099137     0.00088833     0.00079087
2013040806 14     1  5767     0 49  1 054024
   353.75387573   353.27822876   352.83230591   352.42150879   352.05023193   351.71878052   351.42694092   351.17425537   350.96246338   350.79522705   350.67642212   350.63110352   350.72402954   351.04278564   351.82751465   353.72015381   356.59143066   359.22488403     2.16129041     5.69178772
    12.18218803    23.91137123    36.84130096    52.76487350    68.67216492    78.87613678    85.38706207    90.34167480    94.79343414   100.15813446   105.40519714   108.86061096   111.36013794   113.22029877   114.40853119   114.63207245   114.11904144   113.62562561   113.28166199   112.92550659
   112.36602783   111.82136536   111.36909485   110.87126160   110.59930420   110.39664459   109.90361023   109.47101593   109.25212097
2013040806 14     1  5767     0 49  1 054026
   349.03366089   348.54846191   348.16067505   347.85522461   347.62011719   347.44583130   347.32492065   347.25155640   347.22061157   347.22790527   347.26913452   347.34030151   347.43707275   347.55496216   347.68933105   347.83541870   347.98870850   348.14477539   348.29983521   348.45071411
   348.59524536   348.73226929   348.86157227   348.98358154   349.09924316   349.20858765   349.31268311   349.41525269   349.52359009   349.65625000   349.88009644   350.40594482   351.78762817   355.41799927     5.45540857    36.87517929    92.15211487   116.89444733   125.51791382   129.25631714
   131.15827942   132.24975586   132.94168091   133.40487671   133.70758057   133.87751770   133.92604065   133.87565613   133.76315308
2013040806 14     1  5767     0 49  1 054028
     7.62274075     7.66689539     7.70249653     7.72916698     7.74618483     7.75426006     7.75422239     7.74692726     7.73269367     7.71160412     7.68404007     7.64576006     7.58434677     7.48988295     7.33379459     7.07284355     6.83318901     6.67849112     6.54392958     6.41094351
     6.20514631     5.95789242     5.77867460     5.58902359     5.44737053     5.41673899     5.43344736     5.46557093     5.50768375     5.51981449     5.54795790     5.64205074     5.75945616     5.87962914     5.98724270     6.07611847     6.14724398     6.20154619     6.26926708     6.32762527
     6.33863783     6.32584524     6.30098867     6.26833439     6.26729107     6.27525902     6.24915552     6.20105648     6.14631128
2013040806 14     1  5767     0 49  1 054046
     1.23848891     1.23305619     1.22691131     1.21942115     1.21059871     1.20036364     1.18872941     1.17578375     1.16160440     1.14654040     1.13075364     1.11351573     1.09715676     1.08182168     1.06170666     1.04673088     1.03593493     1.03644562     1.03291655     1.03096449
     0.99551392     0.99638587     1.00525427     0.96092409     0.97044754     0.98731089     1.00547636     1.02423644     1.04772758     0.88625771     0.90156811     0.93214589     0.97402543     1.02811205     1.07394254     1.22729874     1.25788867     1.27778971     1.39524639     1.40048945
     1.38983750     1.37118185     1.35020459     1.32682991     1.41254914     1.38671446     1.35334468     1.30271935     1.26973069
2013040806 14     1  5767     0 49  1 054047
   353.10366821   352.59637451   352.13687134   351.71154785   351.33129883   350.99560547   350.70315552   350.45257568   350.23834229   350.07040405   349.94522095   349.82882690   349.79708862   349.84167480   349.77035522   349.88244629   350.11865234   350.75213623   351.44677734   352.38751221
   351.63302612   352.97653198   355.30444336   353.72909546   356.99981689     2.86608386    12.16803551    26.42703819    48.73413467     4.74629831    17.14128685    49.23241043    92.50111389   112.83742523   121.74011230   130.03846741   130.50679016   130.41876221   128.53276062   127.15978241
   126.34327698   125.51436615   124.82992554   124.21006775   120.32790375   119.46871948   118.82296753   117.21038055   116.51774597
2013040806 14     1  5767     0 49  1 054048
     7.66256618     7.70532560     7.73786688     7.76276493     7.77851391     7.78565741     7.78494930     7.77720308     7.76380587     7.74387264     7.71828175     7.69560242     7.65784216     7.60631990     7.58829165     7.52911091     7.43920469     7.27827072     7.15742683     7.03874493
     7.13065147     7.01655722     6.88478708     6.98950195     6.88519239     6.79380322     6.73523378     6.69937277     6.67799520     6.93310785     6.95276928     7.00119019     7.08329201     7.14237881     7.24771929     7.26828003     7.33960962     7.39978886     7.33688068     7.38098478
     7.40994501     7.43120241     7.42950678     7.41935301     7.25309181     7.21851873     7.20650053     7.22579288     7.20179129
2013040806 14     1  5767     0 49  1 054049
     1.01491666     1.01718473     1.01729906     1.01499188     1.01015961     1.00283849     0.99317116     0.98137146     0.96769273     0.95239913     0.93574518     0.91796315     0.89925438     0.87979496     0.85974348     0.83920962     0.81831598     0.79728276     0.77629304     0.75543928
     0.73481923     0.71417928     0.69358748     0.67323452     0.65265769     0.63326854     0.61669433     0.60420668     0.59819824     0.60408831     0.62802029     0.67526156     0.74107808     0.81463176     0.88588625     0.94870877     1.00067842     1.04213929     1.07234418     1.08916807
     1.09312117     1.08647764     1.07249784     1.05365121     1.03137946     1.00663006     0.97886890     0.94842136     0.91669095
2013040806 14     1  5633   200 49  1 054022
     1.18039083     1.18110144     1.17951870     1.17139173     1.16603482     1.16571164     1.17219138     1.18112636     1.19300437     1.20688665     1.21703017     1.23049259     1.25003576     1.26636183     1.29129708     1.32870972     1.36482251     1.41582811     1.48005736     1.52030981
     1.55815423     1.60843098     1.64046514     1.70906961     1.81772339     1.89220929     1.99878192     2.12933469     2.21537256     2.26535439     2.30345869     2.34477854     2.36910415     2.36474848     2.35949135     2.31564140     2.24397492     2.19614124     2.17350483     2.17121077
     2.15989852     2.06958938     1.94755971     1.88490307     1.86147809     1.85675383     1.85390699     1.87561917     1.91301417
2013040806 14     1  5633   200 49  1 054023
     0.00430833     0.00496283     0.00568268     0.00643526     0.00718357     0.00788976     0.00851881     0.00904208     0.00943893     0.00969705     0.00981314     0.00979152     0.00964147     0.00937921     0.00902354     0.00859119     0.00810242     0.00757630     0.00702126     0.00645619
     0.00590000     0.00535413     0.00483119     0.00433856     0.00385162     0.00339712     0.00300244     0.00265488     0.00236325     0.00213057     0.00196128     0.00185638     0.00182004     0.00182472     0.00183490     0.00183463     0.00177237     0.00166201     0.00152340     0.00136729
     0.00121502     0.00108379     0.00097456     0.00088877     0.00082751     0.00078996     0.00077060     0.00076134     0.00075777
2013040806 14     1  5633   200 49  1 054024
   349.56628418   349.82559204   349.84570313   349.23724365   348.68499756   348.38339233   348.52328491   348.94351196   349.75009155   350.99017334   352.10180664   353.61825562   355.98342896   358.20581055     1.50753200     6.50591898    12.21639347    20.79729652    32.25234222    41.49697495
    51.52183533    63.70907593    72.90163422    81.98179626    89.96694946    94.75239563    97.73560333    99.45352936   100.19162750   100.34462738   100.04677582    99.64472198    99.56549072    99.69718170    99.73821259    99.40697479    98.80324554    98.28202057    96.78249359    94.39302063
    92.68218994    92.61093903    93.77928162    94.80474091    95.74583435    96.47377014    97.09908295    97.32661438    97.25617981
2013040806 14     1  5633   200 49  1 054026
   345.67037964   345.48547363   345.33386230   345.21527100   345.12640381   345.06292725   345.02072144   344.99624634   344.98651123   344.98916626   345.00228882   345.02429199   345.05380249   345.08978271   345.13119507   345.17706299   345.22659302   345.27899170   345.33364868   345.39007568
   345.44738770   345.50448608   345.56045532   345.61508179   345.66961670   345.73062134   345.84353638   346.13513184   346.75012207   347.96560669   350.36825562   354.98956299     3.44716907    16.03414154    31.26540756    47.01653290    58.42917633    66.61518860    72.52750397    76.34831238
    78.97760773    81.82672882    85.07767487    89.74127960    95.80954742   102.32592773   107.88373566   111.87065125   114.58595276
2013040806 14     1  5633   200 49  1 054028
     6.84223843     6.88505507     6.96398830     7.10329056     7.23016071     7.31931400     7.34881163     7.35091352     7.32002211     7.26647472     7.23170042     7.16064596     7.04825687     6.95342016     6.80147505     6.59916115     6.42954969     6.22926378     6.03703642     5.94373035
     5.87001610     5.80121136     5.79757023     5.74546051     5.70971489     5.77683640     5.82680273     5.90087700     6.01361465     6.12513256     6.21817780     6.29358053     6.36666298     6.41770983     6.43739319     6.46254826     6.46626997     6.42690945     6.35459709     6.27451515
     6.22309256     6.25791311     6.28508568     6.24591875     6.19682217     6.17021608     6.16556168     6.13463259     6.10119343
2013040806 14     1  5633   200 49  1 054046
     1.13552284     1.13309455     1.14960587     1.15088975     1.14851654     1.14037418     1.14136672     1.14047503     1.14227057     1.14603567     1.15067661     1.14624333     1.15142977     1.15734220     1.14425218     1.15069413     1.15950632     1.12593484     1.13484740     1.14881456
     1.07588971     1.06608534     1.06188428     1.00735879     0.98102564     0.96194953     0.92935115     0.90477026     0.88170731     0.95408612     0.96114677     0.95759159     0.95911533     0.95939177     0.95842272     1.21129692     1.18689632     1.15625644     1.11573398     1.07425857
     1.04209232     1.36789465     1.32948065     1.28207219     1.23650610     1.22528934     1.22281528     1.06556261     1.01671040
2013040806 14     1  5633   200 49  1 054047
   346.61398315   346.54498291   347.17053223   347.13888550   346.87786865   346.36300659   346.22564697   346.03546143   345.99002075   346.05764771   346.20837402   346.09689331   346.39767456   346.80657959   346.45382690   347.05822754   347.89840698   347.13189697   348.18554688   349.98336792
   347.65432739   348.32485962   349.54479980   347.20510864   346.84841919   347.54498291   347.45593262   347.95730591   349.68670654    23.56576347    52.89164352    74.70464325    85.50481415    95.31459808   101.33702850   118.74564362   118.93082428   119.10392761   125.85620117   125.16804504
   123.45153809   103.65502930   102.50143433   103.55432129   106.59687042   108.31676483   109.76536560   116.36119843   119.83224487
2013040806 14     1  5633   200 49  1 054048
     7.18195915     7.25228786     7.20670414     7.27884579     7.38456631     7.53796053     7.61693716     7.70041847     7.74996901     7.76772070     7.76180077     7.80679750     7.76339626     7.70162868     7.74969769     7.65982723     7.55120325     7.67041826     7.55107164     7.42173004
     7.59815407     7.54893446     7.49330950     7.58873796     7.54251766     7.49916506     7.51806307     7.47221041     7.45098925     7.54223680     7.58109426     7.61529732     7.70860386     7.75981474     7.78959036     7.62305593     7.62073231     7.60071754     7.53975058     7.48108482
     7.43259907     7.34670496     7.28485203     7.27396774     7.31578875     7.30987120     7.31728935     7.38819551     7.27865505
2013040806 14     1  5633   200 49  1 054049
     0.85191077     0.86131316     0.87289512     0.88608271     0.90010571     0.91412699     0.92733955     0.93908632     0.94885761     0.95625645     0.96105778     0.96314728     0.96239901     0.95893329     0.95291370     0.94425452     0.93315995     0.91989040     0.90390176     0.88583845
     0.86676747     0.84630471     0.82604843     0.80840999     0.79618180     0.80826163     0.85313952     0.91156143     0.98705840     1.07984948     1.15690601     1.22270727     1.28525400     1.33181453     1.36150169     1.36536396     1.33727682     1.29870927     1.25454164     1.20869792
     1.16550171     1.12020433     1.06720352     1.02273643     0.99384248     0.98169565     0.98050022     0.98479980     0.99187344
2013040806 14     1  5333   450 49  1 054022
     1.04032671     1.05099618     1.09227955     1.17277324     1.25473881     1.34280312     1.42897403     1.47927034     1.53961539     1.61621296     1.65771115     1.68504429     1.69813061     1.70903122     1.68833864     1.64757550     1.63008618     1.59661293     1.55771351     1.54242921
     1.51576400     1.48062313     1.46216321     1.45515931     1.46393692     1.47696352     1.47597551     1.46373653     1.46034765     1.43625939     1.40299368     1.38960314     1.41005480     1.44836521     1.46557939     1.46831310     1.46818566     1.46542692     1.47561109     1.49536228
     1.50254357     1.48470104     1.44874549     1.42970002     1.41048324     1.39896452     1.40481806     1.40578961     1.39796484
2013040806 14     1  5333   450 49  1 054023
     0.00120349     0.00106401     0.00095429     0.00087107     0.00081218     0.00077671     0.00076427     0.00078156     0.00083035     0.00090276     0.00100214     0.00112635     0.00127079     0.00142625     0.00158530     0.00174649     0.00189205     0.00201320     0.00211132     0.00217982
     0.00221863     0.00223465     0.00221977     0.00217171     0.00209700     0.00200370     0.00189787     0.00178234     0.00165555     0.00152367     0.00139516     0.00126879     0.00114833     0.00103433     0.00092902     0.00083121     0.00073987     0.00065589     0.00058055     0.00051424
     0.00045876     0.00041500     0.00038454     0.00036542     0.00035496     0.00034902     0.00034130     0.00032635     0.00030301
2013040806 14     1  5333   450 49  1 054024
   357.06976318     2.39832520     9.87948513    20.36259651    29.46931458    36.95894241    41.80018234    44.41983414    46.13401794    47.33536530    47.84708405    48.83462143    49.63539124    50.07225037    50.63063049    51.28857040    51.95191956    53.46581650    56.02227402    58.26219177
    60.34977341    62.52554321    64.46220398    64.94741821    64.63257599    64.74251556    64.58902740    64.31663513    64.33843994    62.77175903    60.43419266    59.28530121    58.68151093    58.10384369    57.57939148    57.42847443    57.65791321    57.86697006    58.67495728    59.82450485
    60.48511887    60.68128204    60.64188766    60.74958420    61.01885605    61.42610168    61.66521072    61.24709702    60.49932480
2013040806 14     1  5333   450 49  1 054026
   342.90484619   342.77514648   342.65362549   342.55142212   342.48385620   342.46170044   342.48757935   342.55288696   342.63925171   342.73150635   342.82110596   342.90313721   342.97476196   343.03524780   343.08612061   343.12588501   343.15289307   343.16970825   343.17840576   343.18338013
   343.18856812   343.19442749   343.19998169   343.20785522   343.22198486   343.24484253   343.27871704   343.32769775   343.40927124   343.55267334   343.78601074   344.14279175   344.62252808   345.19247437   345.78048706   346.29559326   346.67926025   346.91458130   347.08752441   347.33746338
   347.81988525   348.72354126   350.20684814   352.39138794   355.22882080   358.32702637     1.09296679     2.95788145     3.79783082
2013040806 14     1  5333   450 49  1 054028
     5.99965286     5.90613222     5.65995646     5.36945438     5.16188240     4.99666691     4.94861364     4.98122740     5.00926733     5.07603073     5.17035437     5.24984121     5.30689621     5.34549522     5.38952637     5.40700388     5.39796305     5.39664412     5.37561035     5.34854984
     5.34547472     5.33813047     5.32057333     5.31275749     5.30997467     5.31432104     5.33989143     5.36643028     5.37991858     5.43580294     5.49550533     5.52120543     5.49834394     5.46802139     5.46540880     5.46127272     5.44165325     5.41677475     5.37497568     5.33687592
     5.32468033     5.34111547     5.35642672     5.35052299     5.36294222     5.38417149     5.40335751     5.43579865     5.45563555
2013040806 14     1  5333   450 49  1 054046
     0.90263712     0.89315194     0.86672634     0.86436754     0.85640532     0.79101306     0.75720423     0.73499310     0.71248186     0.69558060     0.69761890     0.69456774     0.70021176     0.70576179     0.79287893     0.77939957     0.76529843     0.83464879     0.80826420     0.78673112
     0.94657290     0.91226667     0.88367558     0.77768296     0.77163094     0.77270329     0.82792705     0.82934040     0.83964461     0.82784653     0.82674575     0.82781506     0.69902480     0.69164997     0.69275755     0.69455612     0.68838453     0.67899472     0.66213650     0.65414041
     0.64865059     0.72929609     0.72704375     0.72418457     0.81314456     0.81525254     0.82422966     0.83830065     0.84167659
2013040806 14     1  5333   450 49  1 054047
   343.90896606   344.22387695   343.92990112   344.71029663   345.62731934   344.00512695   344.02343750   344.71255493   344.50167847   344.74694824   346.23910522   347.13977051   348.20919800   348.97268677   354.03454590   353.49206543   352.88668823   358.00112915   357.25860596   356.73379517
    11.34693813    10.33825588     9.51062775     1.34969997     2.31764698     3.94875073    10.18774605    11.69926643    14.69610786    17.66726685    19.19072723    20.89040565    11.66148186    13.60254002    15.52310658    16.37395668    17.27379417    17.85870361    15.89420414    16.71098518
    17.77502060    24.83650589    26.10847855    26.96850777    31.75280952    32.62335968    33.49811554    35.36488724    35.55287933
2013040806 14     1  5333   450 49  1 054048
     7.07208967     7.01676607     7.10383129     6.99742222     6.93998146     7.19110775     7.21459675     7.22168255     7.15647650     7.15861797     7.16963863     7.26825476     7.30318975     7.32558489     7.10695314     7.17965698     7.24266434     6.91844893     7.02690744     7.10108519
     6.67384434     6.76937389     6.84617376     7.14775515     7.16827679     7.16349602     6.98271894     6.98279572     6.99169397     7.01187706     7.06047821     7.09906006     7.29583263     7.37952709     7.38301468     7.35890961     7.32197332     7.27341509     7.22044706     7.16351986
     7.11846638     7.00169849     7.02257299     7.05503750     6.89675236     6.94550562     6.97236633     6.96669817     6.95963478
2013040806 14     1  5333   450 49  1 054049
     0.67369258     0.65784734     0.64250529     0.62666023     0.60940427     0.59029037     0.56907392     0.55050015     0.53722686     0.52667606     0.52188700     0.52252233     0.52694523     0.53331763     0.54036885     0.54585636     0.54952389     0.55201161     0.55289060     0.55315661
     0.55380553     0.55429631     0.55430180     0.55413014     0.55488181     0.55679154     0.55972916     0.56352538     0.56832278     0.57436925     0.58256656     0.59206200     0.60192674     0.60984510     0.61303669     0.60960656     0.59964967     0.58494794     0.56910437     0.55462205
     0.54419333     0.53958529     0.53987128     0.54432374     0.55266392     0.56369042     0.57451808     0.58123004     0.58077806
2013040806 14     1  5333   300 49  1 054022
     1.12498343     1.18176734     1.26333177     1.36394548     1.43758500     1.50928962     1.58501279     1.63346910     1.67690527     1.71984005     1.75340593     1.77465928     1.79247510     1.81297004     1.81100786     1.79243791     1.78368270     1.71690989     1.63166678     1.59134805
     1.55909765     1.52628708     1.50589323     1.52824223     1.57528067     1.59818542     1.59292459     1.57103276     1.56278908     1.56406069     1.57054186     1.57853341     1.59547901     1.62835765     1.65756083     1.68098676     1.69429553     1.69916821     1.70207918     1.70505559
     1.70385170     1.70940411     1.71082008     1.70154977     1.63718784     1.55692351     1.51978421     1.50059533     1.48790848
2013040806 14     1  5333   300 49  1 054023
     0.00097285     0.00088918     0.00083081     0.00079358     0.00077892     0.00078938     0.00082347     0.00088660     0.00097853     0.00109432     0.00123030     0.00138119     0.00153971     0.00169616     0.00184430     0.00198379     0.00210308     0.00219674     0.00227476     0.00231924
     0.00232485     0.00229539     0.00223199     0.00214063     0.00202452     0.00189938     0.00177131     0.00164319     0.00151121     0.00137944     0.00125354     0.00113674     0.00103088     0.00093693     0.00085632     0.00078819     0.00072997     0.00067761     0.00062681     0.00057637
     0.00052786     0.00048440     0.00044839     0.00042032     0.00040052     0.00039053     0.00038913     0.00039339     0.00039644
2013040806 14     1  5333   300 49  1 054024
    26.66273499    38.53229141    50.31884766    60.41758347    66.11909485    68.67501068    69.35562134    69.35436249    68.38021851    66.74851227    65.31510162    64.14555359    63.38314056    62.92475510    63.12424850    63.79623032    64.28128052    64.00933075    63.57799149    63.72721863
    64.50012207    65.86517334    67.28366852    70.01486969    72.91310883    74.33903503    74.29434204    73.44592285    73.05867767    72.28795624    71.09284210    70.14978027    68.67478943    66.99674988    65.88616180    65.01719666    64.32209778    63.88688278    63.40773010    63.02196121
    62.91502762    63.02338028    63.14282608    63.21211243    62.83322906    62.31429672    62.09742737    61.88142776    61.52516556
2013040806 14     1  5333   300 49  1 054026
   350.38354492   350.05175781   349.67431641   349.26504517   348.84866333   348.45092773   348.10214233   347.82476807   347.62359619   347.48956299   347.41101074   347.37979126   347.38662720   347.42306519   347.48614502   347.56610107   347.65350342   347.74282837   347.82736206   347.90762329
   347.98553467   348.06121826   348.13488770   348.21133423   348.30383301   348.42706299   348.58255005   348.76641846   348.98428345   349.25863647   349.63256836   350.18795776   351.03524780   352.26889038   353.91534424   355.93768311   358.22421265     0.49865842     2.46998763     4.02415609
     5.25118589     6.45630407     7.91635275     9.69772053    11.84494114    14.35047245    17.24516106    20.19858932    22.69600677
2013040806 14     1  5333   300 49  1 054028
     5.42372465     5.27076006     5.08006477     4.96626234     4.95663309     4.97354507     5.03532839     5.13783360     5.22181511     5.29355860     5.36413240     5.43353891     5.49398279     5.54521799     5.59628487     5.62283421     5.62629271     5.67226601     5.69114637     5.66128731
     5.63997221     5.61715174     5.58655882     5.51460314     5.46317244     5.46658802     5.50139952     5.53521013     5.54268742     5.54871845     5.56284380     5.58333731     5.60622168     5.63284779     5.67532587     5.71745968     5.75012445     5.76920271     5.77299833     5.76733971
     5.75830746     5.73965836     5.72080135     5.70285940     5.74372864     5.77941132     5.76951885     5.76818609     5.78170156
2013040806 14     1  5333   300 49  1 054046
     0.84106654     0.84206450     0.81390131     0.78386211     0.77930778     0.78014469     0.76260519     0.74501204     0.72383893     0.70626187     0.69599903     0.69790208     0.69427246     0.69369280     0.71007293     0.71916658     0.71456999     0.98354691     0.94901228     0.91813099
     1.00290179     0.98833102     0.94691479     0.85386920     0.82073790     0.81967950     0.84691161     0.85693556     0.85781687     0.81151813     0.81858093     0.83092695     0.74991882     0.75638574     0.76337564     0.78641552     0.79813343     0.80426323     0.80241644     0.79848975
     0.79224515     0.67494351     0.66283137     0.65863818     1.06580091     1.09001148     1.06354773     1.05242372     1.04776454
2013040806 14     1  5333   300 49  1 054047
   348.39776611   349.50375366   349.25274658   349.08624268   351.14971924   355.50567627   357.59545898   358.85723877   359.41217041   358.67016602   358.07073975   358.27664185   357.84069824   357.76342773   358.12078857   358.49841309   358.26535034    27.72742462    25.23216629    22.63849640
    25.45895576    26.51083183    23.33102417    14.54406738    13.82356453    15.40166569    20.50092125    23.82629395    25.45969200    23.20212364    24.99936485    26.89873123    28.06770515    28.72801971    29.53747940    33.45013809    34.61394882    35.40532303    36.93490219    37.13551712
    37.33127213    31.34545708    30.39343834    31.08052826    52.92841721    51.45801544    51.08650589    51.01427078    50.92558670
2013040806 14     1  5333   300 49  1 054048
     7.04083490     6.91444254     6.98705959     7.02588654     6.94635534     6.90006399     6.90476513     6.93197107     6.97984266     7.05730534     7.12473536     7.12274885     7.18588638     7.24220800     7.23513269     7.20045614     7.24783421     6.94475079     6.99920082     7.03296518
     6.75814342     6.79381800     6.81007242     6.91342354     7.00580120     6.98871660     6.92752695     6.94090176     6.94989634     6.99410629     6.99993706     7.01122332     7.04691362     7.12723160     7.27631187     7.30258036     7.34563017     7.37379503     7.38348818     7.38813066
     7.37689447     7.21664333     7.18773508     7.15310955     6.99167681     6.94538260     6.97192955     6.97951603     7.00548029
2013040806 14     1  5333   300 49  1 054049
     0.61385107     0.59620780     0.57892162     0.55993909     0.54022211     0.52166468     0.50437325     0.49224067     0.48643523     0.48688972     0.49473706     0.51193136     0.53987813     0.57721019     0.61405647     0.63481921     0.64265716     0.64238340     0.63017434     0.61616975
     0.60415626     0.59218335     0.58062804     0.57246321     0.56959158     0.57200551     0.57692552     0.58186275     0.58627456     0.59208447     0.60217655     0.61759901     0.63873661     0.66546857     0.69400376     0.71994573     0.73957580     0.75089800     0.75428575     0.75112367
     0.74314928     0.73420119     0.72536063     0.71553248     0.70411325     0.69237775     0.68626022     0.68705511     0.69242626
2013040806 14     1  5267   400 49  1 054022
     1.08918858     1.14185536     1.19921505     1.26481724     1.29972696     1.29636538     1.27252603     1.25937819     1.25833035     1.28937185     1.32743764     1.42908049     1.55469227     1.61137700     1.58711171     1.52961159     1.50157070     1.41419375     1.30093515     1.23746228
     1.22075081     1.22706604     1.22252417     1.21793032     1.21930456     1.22104251     1.19043934     1.14683640     1.12450159     1.06877017     0.99608296     0.95200318     0.92802542     0.92153883     0.92182493     0.93801433     0.96390277     0.98015636     0.99170691     1.00843096
     1.02511847     1.05476129     1.08630586     1.09727895     1.09832382     1.09791791     1.09840250     1.07805240     1.03966475
2013040806 14     1  5267   400 49  1 054023
     0.00085143     0.00074292     0.00065310     0.00058008     0.00052422     0.00048571     0.00046492     0.00045965     0.00047197     0.00050049     0.00054424     0.00060333     0.00067176     0.00075253     0.00084285     0.00094348     0.00104339     0.00113584     0.00122555     0.00130140
     0.00135649     0.00138832     0.00140046     0.00139161     0.00136055     0.00131130     0.00125117     0.00118915     0.00112192     0.00104793     0.00097300     0.00089595     0.00081791     0.00074142     0.00066818     0.00059964     0.00053608     0.00047782     0.00042477     0.00037638
     0.00033283     0.00029508     0.00026341     0.00023835     0.00021925     0.00020529     0.00019549     0.00018817     0.00018143
2013040806 14     1  5267   400 49  1 054024
    23.00251770    31.07897186    37.96188736    43.17263794    45.66934586    46.50579834    45.99719620    45.48862076    42.51707840    38.73534012    36.88498688    37.48516846    38.76730347    39.20722198    40.01561737    41.29021072    42.47238159    42.49565887    42.05879974    42.53303528
    45.27639389    49.38043594    52.20332336    54.53542328    56.62469482    58.29978561    58.53523636    58.42578888    58.99526215    56.17980576    50.79045868    47.32616043    44.74349976    42.74536896    41.47675705    41.17879868    41.36487961    41.20732117    41.92913437    43.90136719
    45.53178787    47.57576370    49.60047531    50.82209778    51.54997635    52.04371643    52.51434326    51.94268417    50.48441315
2013040806 14     1  5267   400 49  1 054026
   343.09683228   343.02536011   342.95065308   342.86965942   342.78237915   342.68646240   342.58413696   342.48941040   342.41891479   342.36825562   342.33261108   342.31436157   342.31475830   342.32644653   342.33883667   342.34933472   342.35806274   342.36361694   342.36004639   342.34564209
   342.32598877   342.31060791   342.30215454   342.29598999   342.29443359   342.30667114   342.33413696   342.36901855   342.40423584   342.44754028   342.51486206   342.62384033   342.79788208   343.05700684   343.40658569   343.83773804   344.31851196   344.79895020   345.22271729   345.56927490
   345.87875366   346.23876953   346.76797485   347.57937622   348.76873779   350.41140747   352.47134399   354.72256470   356.75765991
2013040806 14     1  5267   400 49  1 054028
     5.32615852     5.14073038     4.98318768     4.87909889     4.85854435     4.87748909     4.90094614     4.91374779     4.93007135     4.95205688     5.01718378     5.03893137     5.09966230     5.19485140     5.28866291     5.32091999     5.30154228     5.35451984     5.39302635     5.35981750
     5.25393200     5.14725494     5.09229469     5.04788208     5.00796652     4.98253584     5.01842070     5.04835653     5.03956127     5.14639235     5.29307842     5.36572504     5.38344049     5.35618258     5.33807945     5.28026056     5.21256924     5.17937469     5.14172602     5.08235979
     5.03725100     4.96882153     4.91551542     4.90196800     4.89708567     4.88881826     4.88070250     4.92276573     4.99137878
2013040806 14     1  5267   400 49  1 054046
     0.79556859     0.78528994     0.74112844     0.72500873     0.71438348     0.72206837     0.71423578     0.70439315     0.67293209     0.62358856     0.60792792     0.54666585     0.54326445     0.54600173     0.75529343     0.73971766     0.71751869     1.01283300     0.93917179     0.87890333
     0.82571560     0.79038870     0.76165599     0.73839480     0.71899807     0.70601904     0.76785904     0.77444559     0.75826186     0.90964448     0.86941999     0.82852709     0.77686965     0.75566393     0.74526167     0.68131590     0.68715245     0.69408023     0.72901970     0.72809488
     0.73181862     0.64937598     0.64934021     0.64733642     0.64231521     0.63810873     0.63459611     0.69612843     0.74668288
2013040806 14     1  5267   400 49  1 054047
   345.52624512   345.98251343   344.98397827   345.60745239   346.70175171   348.87380981   350.23333740   351.40103149   357.11456299   352.61740112   351.73318481   345.09835815   344.73083496   345.02780151   357.64785767   358.02050781   357.50143433    16.88026428    14.79298687    12.62289906
     9.77544785     8.62912369     7.71010828     7.08052874     6.68077135     6.91081238    13.39990139    15.72883224    15.75440407    35.44734192    32.63174438    29.52354622    28.05609322    26.80597687    26.41903305    21.60637283    22.56680679    23.39763069    22.57336426    23.52893448
    24.59777832    19.68337440    20.61468506    21.51992989    22.98631668    23.68977165    24.31134605    29.22897339    32.57598495
2013040806 14     1  5267   400 49  1 054048
     6.98230886     6.92500114     7.09992933     7.06275558     6.98379183     6.78872442     6.70669651     6.66013002     6.53021431     6.78636789     6.87091637     7.18195915     7.17496014     7.17327499     6.73885345     6.83558321     6.90154171     6.33668089     6.43208504     6.51218033
     6.58303833     6.63994503     6.68851519     6.72419357     6.74633980     6.74880981     6.45400238     6.40708447     6.44045353     5.86781025     5.95993328     6.07960939     6.26299381     6.34953928     6.40033340     6.75126839     6.72221470     6.67360449     6.41780138     6.40779924
     6.35437059     6.58520174     6.54390001     6.52303076     6.52899456     6.52774286     6.53184509     6.32291126     6.18091440
2013040806 14     1  5267   400 49  1 054049
     0.57408422     0.55850029     0.54173976     0.52323586     0.50390357     0.48477703     0.46717358     0.44987914     0.43451756     0.42144200     0.41211766     0.40884319     0.41224000     0.42543513     0.44436535     0.45573276     0.45932969     0.45896086     0.45620152     0.45267656
     0.44932497     0.44601890     0.44307274     0.44003865     0.43634868     0.43225923     0.42856500     0.42661306     0.42530471     0.42407537     0.42420349     0.42490003     0.42589119     0.42722768     0.42874882     0.42985034     0.42932275     0.42642844     0.42101091     0.41319501
     0.40384474     0.39454979     0.38643420     0.38049096     0.37658599     0.37454426     0.37426803     0.37558755     0.37830254
2013040806 14     1  5200   300 49  1 054022
     1.35261703     1.40518296     1.40868604     1.39076126     1.38383090     1.34092677     1.28236616     1.25199819     1.24292731     1.24971306     1.25770521     1.27744269     1.31703317     1.35880816     1.35671115     1.33028269     1.32228339     1.29710305     1.24974847     1.20837164
     1.16924775     1.13301253     1.10121751     1.08903027     1.10388517     1.11698210     1.11595619     1.09702039     1.07906568     1.03857994     0.98724139     0.94972968     0.92940170     0.93193930     0.93621147     0.92407167     0.90553337     0.89945698     0.89583510     0.89233136
     0.89251882     0.88390112     0.87059492     0.86821210     0.86799037     0.86633277     0.86396646     0.86618125     0.87937582
2013040806 14     1  5200   300 49  1 054023
     0.00054722     0.00047388     0.00041484     0.00037024     0.00033576     0.00031085     0.00029654     0.00029047     0.00029249     0.00030380     0.00032494     0.00035504     0.00039198     0.00043516     0.00048461     0.00054048     0.00059799     0.00065376     0.00070838     0.00076008
     0.00080439     0.00083858     0.00086124     0.00087077     0.00086415     0.00084058     0.00080488     0.00076450     0.00072280     0.00067927     0.00063544     0.00059091     0.00054551     0.00049991     0.00045542     0.00041313     0.00037407     0.00033813     0.00030541     0.00027596
     0.00024943     0.00022533     0.00020343     0.00018353     0.00016598     0.00015130     0.00013975     0.00013108     0.00012485
2013040806 14     1  5200   300 49  1 054024
    63.93381882    68.76150513    69.12842560    66.86363983    65.19565582    62.93470001    60.19847107    58.28639984    54.56586075    49.78696823    46.74228668    43.89131165    41.13653183    39.16350937    37.87522888    37.27936172    37.14677429    36.91266251    36.53503418    36.60508728
    37.26073074    38.67118835    40.27677536    43.19624329    48.03155518    52.06087494    54.84912109    56.45743942    57.94314194    56.38700485    52.75045013    50.53648376    48.14665604    45.35974884    43.44887924    42.08510971    41.01028442    40.09859085    39.40792084    38.88106918
    38.43391037    37.76129913    36.87097168    36.49350739    36.24379730    35.82237244    35.46422577    34.84677505    33.49101257
2013040806 14     1  5200   300 49  1 054026
   348.43859863   348.37197876   348.25543213   348.07785034   347.83938599   347.54873657   347.21603394   346.85729980   346.49807739   346.16876221   345.88742065   345.66296387   345.49899292   345.39312744   345.33920288   345.32727051   345.34722900   345.38778687   345.43383789   345.47418213
   345.50903320   345.54351807   345.57794189   345.61145020   345.64376831   345.67703247   345.72018433   345.78250122   345.86737061   345.96850586   346.08163452   346.20632935   346.34936523   346.53073120   346.78060913   347.13018799   347.60058594   348.19570923   348.89920044   349.66375732
   350.41824341   351.10168457   351.70147705   352.26910400   352.91000366   353.73602295   354.83361816   356.24438477   357.95959473
2013040806 14     1  5200   300 49  1 054028
     4.73738003     4.77904749     4.85893345     4.91037083     4.92875528     4.97071123     4.99187756     4.97703314     4.95849800     4.94570255     4.95517397     4.97719717     5.03057432     5.11936188     5.26308966     5.38422871     5.44558764     5.53078032     5.60625219     5.61270380
     5.58365059     5.52310467     5.45055342     5.32116938     5.15525484     5.06116581     5.03638601     5.04486418     5.03465652     5.09324551     5.16708899     5.19089127     5.16104364     5.06133747     4.99366760     5.01075172     5.05447483     5.07443666     5.10901403     5.14917374
     5.17239237     5.23688889     5.32089043     5.35659075     5.39885044     5.45001459     5.48626566     5.46775484     5.36558867
2013040806 14     1  5200   300 49  1 054046
     0.66605347     0.64653766     0.65064132     0.63239765     0.61711800     0.67313033     0.67891151     0.66574490     0.61171681     0.58143187     0.57134885     0.53894734     0.55065179     0.57746786     0.90301991     0.92933828     0.94173712     1.14399195     1.11109316     1.06883430
     1.04833782     0.99994570     0.95455259     0.89905316     0.86985832     0.83443075     0.87033999     0.85540432     0.83617789     0.87423146     0.83272129     0.79770029     0.72107494     0.68669438     0.66536456     0.71764266     0.70893466     0.70555133     0.73743844     0.74020785
     0.74341726     0.82075411     0.82166040     0.82760078     0.84869206     0.84945405     0.84836835     0.81308293     0.80865157
2013040806 14     1  5200   300 49  1 054047
   350.90820313   351.43896484   355.69274902   356.14620972   356.34671021     6.04141140     8.83697987     8.26439190    14.93754101     8.61775875     5.15845919     5.92983341     4.68550968     4.65499210    17.41397667    18.55928993    19.25247192    27.98757362    27.74108505    27.23226357
    26.79797173    26.20216179    25.58596992    23.53767776    23.34424591    21.89977074    27.51087952    28.58218193    29.14165688    37.09833527    34.66602325    32.67360306    32.45672989    30.56626892    28.95418167    29.77205467    28.92429161    28.37935257    28.36580086    28.25851250
    28.20731354    31.03269005    31.28988647    31.68434334    33.02699661    33.00617599    32.96352768    34.05510330    33.86978531
2013040806 14     1  5200   300 49  1 054048
     6.76987171     6.71389341     6.67899418     6.68084669     6.65816116     6.44133806     6.39063883     6.38866568     6.30269718     6.42961311     6.50109100     6.54415703     6.63413143     6.70388889     6.31995249     6.40813732     6.48955822     6.12180901     6.18375874     6.22509909
     6.13868523     6.15660381     6.16154051     6.19201136     6.16255665     6.14015770     6.00751925     6.01526165     6.03250265     5.78193474     5.88610411     5.95696926     6.10324383     6.22047997     6.28899384     6.06878424     6.09695435     6.12148523     6.00260305     6.02349520
     6.03875589     5.65957451     5.67281818     5.65696096     5.55773926     5.59071493     5.61770821     5.82444811     5.83399010
2013040806 14     1  5200   300 49  1 054049
     0.45741713     0.43879974     0.42136356     0.40669632     0.39263088     0.37924710     0.36780384     0.35671219     0.34593868     0.33657652     0.32985634     0.32686549     0.32989994     0.34396350     0.37277952     0.40698007     0.43560362     0.45531720     0.46445838     0.46215379
     0.45179945     0.43757644     0.42249933     0.40823299     0.39476323     0.38203686     0.37090060     0.36250749     0.35664377     0.35232091     0.34959590     0.34794948     0.34700802     0.34673366     0.34743765     0.34942585     0.35292384     0.35725787     0.36164284     0.36542538
     0.36792526     0.36867905     0.36763874     0.36480060     0.36095372     0.35726142     0.35436019     0.35196653     0.34974620
2013040806 14     1  5400   650 49  1 054022
     0.96158874     0.96865880     0.97950405     0.98368114     0.99139690     1.01545954     1.04946792     1.08176887     1.12556446     1.18223596     1.21408367     1.25408816     1.30529261     1.33162963     1.35901070     1.42888927     1.49991107     1.57151055     1.64284515     1.69456756
     1.70857906     1.70229077     1.70796633     1.75348532     1.82102215     1.85966980     1.90875602     1.96277118     1.99254251     1.99598503     1.97331715     1.94883549     1.86085069     1.76510823     1.72601175     1.73044801     1.75062954     1.76461720     1.79054606     1.82930207
     1.85671306     1.89410627     1.93262708     1.94978666     1.92712784     1.87842643     1.84480619     1.78930891     1.72433662
2013040806 14     1  5400   650 49  1 054023
     0.00115878     0.00104420     0.00094964     0.00087418     0.00081727     0.00077878     0.00075893     0.00075844     0.00077756     0.00081502     0.00087096     0.00094471     0.00103139     0.00112939     0.00123533     0.00133641     0.00142335     0.00149596     0.00154838     0.00158465
     0.00160690     0.00161847     0.00161037     0.00157985     0.00152146     0.00144713     0.00136447     0.00127225     0.00117768     0.00108419     0.00099500     0.00090839     0.00082540     0.00075183     0.00068278     0.00061701     0.00055348     0.00049506     0.00044470     0.00040182
     0.00036610     0.00033597     0.00030813     0.00028109     0.00025446     0.00022673     0.00019910     0.00017399     0.00015212
2013040806 14     1  5400   650 49  1 054024
   337.37951660   341.02923584   345.83596802   350.93960571   355.61459351     2.23765182     9.68113708    16.70060349    23.38369751    29.54736900    32.70182419    35.11544800    37.14567947    38.10453033    43.18747330    55.18391037    64.85928345    72.60285950    78.47834778    81.43172455
    82.29806519    82.04550934    81.95868683    82.16102600    82.47576141    82.57881165    82.80885315    83.03654480    83.07337189    82.82475281    82.47898102    82.37319946    82.16113281    82.12949371    82.39368439    82.76044464    82.61307526    82.05753326    80.46871948    78.55255127
    77.35530090    77.07996368    77.46169281    77.77467346    77.90434265    78.04782867    78.39463806    78.47884369    78.29060364
2013040806 14     1  5400   650 49  1 054026
   338.16400146   337.85879517   337.58236694   337.35760498   337.20773315   337.15298462   337.20886230   337.38110352   337.65814209   338.01419067   338.41629028   338.82971191   339.22564697   339.58813477   339.91351318   340.20272827   340.45928955   340.68811035   340.88970947   341.06439209
   341.21469116   341.34509277   341.45877075   341.55987549   341.65310669   341.74548340   341.85287476   342.01541138   342.26873779   342.59527588   342.86825562   342.98333740   342.95651245   342.79211426   342.68029785   342.66204834   342.74746704   342.96063232   343.36767578   344.16491699
   345.52728271   347.34759521   349.23858643   350.78372192   351.90670776   351.96734619   351.17498779   350.07083130   348.75070190
2013040806 14     1  5400   650 49  1 054028
     6.13614464     5.94782734     5.77585793     5.70005369     5.61265564     5.47093868     5.34101963     5.24349165     5.12725830     5.02724981     5.00843668     4.96736193     4.93223572     4.95422983     4.96110010     4.92669916     4.96809196     5.03592968     5.12704468     5.22565603
     5.32037210     5.38838100     5.42850637     5.43972969     5.47491503     5.53139877     5.56977034     5.61648655     5.66375065     5.70068645     5.70584583     5.67672873     5.65733004     5.60268641     5.53882551     5.49350309     5.48530006     5.50245190     5.52816582     5.56755114
     5.61308908     5.63983917     5.66431093     5.68680668     5.70828724     5.69468641     5.65002441     5.61621237     5.56683111
2013040806 14     1  5400   650 49  1 054046
     0.90246028     0.88748729     0.87191731     0.85845953     0.84512627     0.82782328     0.82044417     0.80994880     0.77837080     0.77335334     0.77047515     0.73661900     0.72569507     0.72158486     0.80909395     0.77842027     0.74729323     0.70618790     0.67911547     0.66315234
     0.70904559     0.70837271     0.70548892     0.67205656     0.62472379     0.62973922     0.62414312     0.63152325     0.64093649     0.67152667     0.66086370     0.64424086     0.73553699     0.70122015     0.67623824     0.65472090     0.65628594     0.67010176     0.58318210     0.60570490
     0.63039058     0.63958383     0.54610175     0.55213445     0.66615695     0.64658737     0.62099636     0.69409871     0.66161484
2013040806 14     1  5400   650 49  1 054047
   335.55621338   336.27761841   336.95394897   337.67379761   338.33865356   338.76916504   339.64260864   340.39782715   339.91479492   340.99383545   342.16918945   341.07669067   341.18643188   341.75640869   347.32455444   346.76535034   346.26049805   345.92968750   345.99035645   346.99423218
   354.79885864   356.98654175   358.70751953   355.72760010   350.69515991   354.51989746   356.55728149     1.21208525     5.42412615    13.29957962    14.46926308    14.40541458    26.04902840    24.40849876    23.56204796    22.08016968    23.81367111    26.29264832    24.40188789    26.85977173
    28.82224846    26.55743980    17.48470879    19.76730347    31.81493759    32.03926849    31.48837280    37.95150757    36.88457489
2013040806 14     1  5400   650 49  1 054048
     6.65190220     6.61593914     6.60216188     6.58972359     6.59074783     6.64076567     6.62528944     6.64832783     6.81962109     6.81860113     6.81882238     6.95367384     6.98765564     7.00075340     6.52757597     6.68675852     6.80650091     7.04586363     7.18761587     7.28371716
     7.11600256     7.14271879     7.15879965     7.19685459     7.25512600     7.23644161     7.19469881     7.22039652     7.18439531     7.07576466     7.05648327     7.01068640     6.88007069     6.86732626     6.83872604     6.80516863     6.77190113     6.76438665     6.92904615     6.96845293
     6.99660110     6.96062183     6.68059731     6.68373251     6.89981794     6.88151503     6.81166792     6.76775789     6.70961142
2013040806 14     1  5400   650 49  1 054049
     0.61135614     0.59638554     0.58303088     0.57135582     0.56135470     0.55286890     0.54571968     0.54001933     0.53561586     0.53176135     0.52882838     0.52717549     0.52561909     0.52486563     0.52520543     0.52407289     0.52052766     0.51640320     0.51198983     0.50893128
     0.50843936     0.51007962     0.51274377     0.51780510     0.53308672     0.56298965     0.60352379     0.65206766     0.69048405     0.70982116     0.70420146     0.68020725     0.64098835     0.58755028     0.54591465     0.52161616     0.51668245     0.52786434     0.55180311     0.58725047
     0.62290335     0.65377784     0.67991829     0.69457275     0.69425774     0.67028284     0.63528883     0.59624463     0.55172503
2013040806 14     1  5533   400 49  1 054022
     1.05192566     1.04277265     1.03691220     1.03642488     1.04202437     1.06201851     1.10761225     1.13497937     1.15870607     1.18637872     1.21202004     1.24471784     1.28628385     1.32224250     1.37278235     1.43749356     1.48697662     1.55400443     1.65252674     1.71566641
     1.77765059     1.84467351     1.88655996     1.92733312     1.97422183     2.00945830     2.04729414     2.08957958     2.12539148     2.19023895     2.26913857     2.31729269     2.33592725     2.33018279     2.32404304     2.31242728     2.31115746     2.31222391     2.29298782     2.25520396
     2.23473167     2.21702480     2.20296645     2.20456433     2.18974471     2.16410637     2.14493203     2.10087371     2.04619741
2013040806 14     1  5533   400 49  1 054023
     0.00165356     0.00171917     0.00185131     0.00205095     0.00231594     0.00264009     0.00301232     0.00341798     0.00384083     0.00426095     0.00465944     0.00501845     0.00532013     0.00555285     0.00570983     0.00577810     0.00576205     0.00567082     0.00548759     0.00523817
     0.00495828     0.00463781     0.00429279     0.00394604     0.00360042     0.00325931     0.00292967     0.00261923     0.00234428     0.00211114     0.00191739     0.00176710     0.00164909     0.00154450     0.00144575     0.00134965     0.00127045     0.00120898     0.00114903     0.00106877
     0.00098781     0.00093295     0.00090374     0.00090498     0.00093141     0.00095255     0.00093678     0.00087665     0.00077294
2013040806 14     1  5533   400 49  1 054024
   341.18585205   341.49191284   341.85421753   342.38211060   343.11343384   344.61553955   348.39389038   352.19796753   355.20281982   358.32015991     1.02425516     4.45672560     9.24542522    13.90984344    20.53662872    29.29082680    36.64196777    47.49475479    63.26478577    73.78054810
    80.86159515    85.56699371    88.23869324    90.04082489    91.33473206    92.17987061    92.23779297    91.94343567    91.90748596    91.87169647    91.83333588    91.81825256    91.71143341    91.67536926    91.82956696    92.48138428    93.58432007    94.45274353    95.11576080    95.51508331
    95.73654175    95.62573242    95.31749725    95.21849060    95.61676788    96.13034821    96.26847839    95.51961517    93.98255157
2013040806 14     1  5533   400 49  1 054026
   342.81210327   342.95779419   343.17468262   343.42889404   343.68991089   343.93762207   344.16256714   344.36264038   344.54006958   344.69802856   344.83966064   344.96780396   345.08483887   345.19250488   345.29211426   345.38461304   345.47161865   345.55395508   345.62979126   345.69592285
   345.75317383   345.80603027   345.86056519   345.92245483   346.00213623   346.11108398   346.26489258   346.51477051   346.97860718   347.83911133   349.45315552   352.00674438   355.45547485   359.32092285     3.33881474     7.38693094    12.04484653    17.82250404    24.15370560    28.86959648
    33.55969620    41.05077362    51.29900742    64.42433167    77.57196045    86.81691742    91.65755463    93.34532166    92.49794006
2013040806 14     1  5533   400 49  1 054028
     6.94321537     6.96146631     6.97767496     6.97055149     6.93140268     6.79160690     6.50276089     6.42325020     6.38099003     6.32980871     6.29211521     6.21840525     6.11913824     6.05186224     5.93672800     5.80754137     5.73869228     5.65572977     5.58731031     5.63793993
     5.69177294     5.74204636     5.80875731     5.85834503     5.89986706     5.94823456     5.98529768     6.02369976     6.07507229     6.11014414     6.15927982     6.22277212     6.27895451     6.31151152     6.31750441     6.31400108     6.30924988     6.30442667     6.30265093     6.28502798
     6.25951767     6.25538445     6.26440001     6.27885103     6.31243372     6.33335495     6.32282543     6.30934000     6.27410650
2013040806 14     1  5533   400 49  1 054046
     1.04541159     1.03632855     1.02588212     1.02087498     1.01728666     1.01500535     1.02121139     1.03294873     1.03858972     1.04680538     1.05706549     1.06118965     1.07003450     1.07484388     1.06673753     1.07467818     1.08036494     1.02862597     1.00356030     0.99820971
     0.97630817     0.96882552     0.96593064     0.97272128     0.98095047     0.98179501     0.97358549     0.97048986     0.97211671     0.86491472     0.87223184     0.85218245     0.94096053     0.92765862     0.91094172     0.83393151     0.82033467     0.81223136     0.90127778     0.88837302
     0.87562770     0.87321150     0.91800636     0.91676486     0.96444494     0.96347189     0.95468229     1.06153762     1.05176699
2013040806 14     1  5533   400 49  1 054047
   342.31915283   342.49316406   342.50646973   342.69262695   342.88143921   343.00442505   343.37973022   343.94317627   344.29037476   344.75369263   345.32241821   345.57073975   346.06542969   346.56231689   346.55050659   347.33825684   348.29089355   346.96762085   346.51171875   347.48303223
   346.66998291   347.58392334   349.53634644   353.20733643   358.44378662     4.58688164    10.55802345    20.11531639    32.23338318    10.45270252    22.04804039    31.62740707    81.54439545    85.33072662    88.95362091    59.81985855    67.21067047    75.52513885    98.99279785   102.16844940
   104.33859253   106.79390717   113.09052277   113.67431641   106.73680878   107.66555023   107.86056519   112.78524017   108.55107117
2013040806 14     1  5533   400 49  1 054048
     7.00542736     7.02372646     7.07696295     7.11157227     7.15625000     7.20386505     7.19967461     7.17316294     7.20396233     7.22408915     7.23457623     7.27817965     7.28217745     7.31052113     7.39270830     7.36776924     7.35226107     7.54344606     7.62998104     7.60847044
     7.65073204     7.64107752     7.63856077     7.63255405     7.61163235     7.59476709     7.55207825     7.54377222     7.53923988     7.56843567     7.55557203     7.55660057     7.55120039     7.55244637     7.53933573     7.52938128     7.51149797     7.49070549     7.47760820     7.45994902
     7.43461657     7.37446451     7.33104992     7.33732271     7.43549395     7.45966530     7.45426178     7.48149109     7.49225855
2013040806 14     1  5533   400 49  1 054049
     0.76121414     0.75665945     0.75506264     0.75617677     0.75970477     0.76528019     0.77234042     0.78042698     0.78934354     0.79844856     0.80732703     0.81556034     0.82246608     0.82775772     0.83128500     0.83184654     0.82971501     0.82541424     0.81678545     0.80620694
     0.79790962     0.79416692     0.80351204     0.82860768     0.85573494     0.87796932     0.90269971     0.93878949     0.98489404     1.03775167     1.10025692     1.15809166     1.20091307     1.22025108     1.22434914     1.21852541     1.21558118     1.21458590     1.20580530     1.18069208
     1.15843725     1.14814472     1.14938819     1.16420841     1.18106985     1.18783176     1.18094695     1.15323341     1.10631824
